4294967294,0
4294967278,363
4294967278,0
4294967279,441
4294967294,119
4294967294,50
4294967294,180
4294967294,82
4294967294,93
4294967294,95
4294967294,189
4294967294,384
4294967294,190
4294967294,120
4294967294,451
4294967294,599
4294967294,422
4294967294,88
4294967294,30
4294967294,164
4294967294,163
4294967294,83
4294967294,1
4294967294,46
4294967294,115
4294967294,387
4294967294,388
4294967294,165
4294967294,113
4294967294,167
4294967294,177
4294967294,1248
4294967294,92
4294967294,427
4294967294,12
4294967294,104
4294967294,106
4294967294,175
4294967294,183
4294967294,176
4294967294,470
4294967294,22
4294967294,17
4294967294,42
4294967294,99
4294967294,39
4294967294,51
4294967294,52
4294967294,472
4294967294,18
4294967294,127
4294967294,14
4294967294,126
4294967294,20
4294967294,13
4294967294,166
4294967294,24
4294967294,160
4294967294,25
4294967294,168
4294967294,26
4294967294,162
4294967278,242
4294967278,240
4294967294,67
4294967294,81
4294967294,1163
4294967294,1249
4294967294,11
4294967294,68
4294967278,132
4294967278,131
4294967278,130
4294967278,256
4294967278,129
4294967278,128
4294967278,127
4294967278,255
4294967278,126
4294967278,125
4294967278,124
4294967278,123
4294967278,122
4294967278,121
4294967278,120
4294967278,247
4294967278,119
4294967278,245
4294967278,118
4294967278,243
4294967278,117
4294967278,241
4294967278,116
4294967278,239
4294967278,115
4294967278,114
4294967278,113
4294967278,111
4294967278,231
4294967278,110
4294967278,229
4294967278,109
4294967278,227
4294967278,108
4294967278,225
4294967278,107
4294967278,223
4294967278,106
4294967278,221
4294967278,105
4294967278,219
4294967278,104
4294967278,217
4294967278,103
4294967278,102
4294967278,101
4294967278,100
4294967278,99
4294967278,98
4294967278,97
4294967278,96
4294967278,174
4294967278,95
4294967278,94
4294967278,93
4294967278,92
4294967278,91
4294967278,90
4294967278,89
4294967278,87
4294967278,86
4294967278,85
4294967278,84
4294967278,83
4294967278,82
4294967278,81
4294967278,80
4294967278,79
4294967278,78
4294967278,77
4294967278,76
4294967278,75
4294967278,74
4294967278,73
4294967278,72
4294967278,71
4294967278,70
4294967278,69
4294967278,68
4294967278,67
4294967278,66
4294967278,65
4294967278,64
4294967278,63
4294967278,62
4294967278,61
4294967278,60
4294967278,59
4294967278,58
4294967278,57
4294967278,56
4294967278,55
4294967278,54
4294967278,53
4294967278,52
4294967278,51
4294967278,50
4294967278,49
4294967278,48
4294967278,47
4294967278,46
4294967278,45
4294967278,44
4294967278,43
4294967278,42
4294967278,41
4294967278,40
4294967278,39
4294967278,38
4294967278,37
4294967279,260
4294967279,0
4294967279,174
4294967279,276
4294967279,134
4294967279,289
4294967279,16
4294967279,13
4294967279,286
4294967279,11
4294967279,10
4294967279,9
4294967279,285
4294967279,8
4294967279,7
4294967279,6
4294967279,5
4294967279,281
4294967279,4
4294967278,112
4294967278,235
4294967294,7
4294967294,6
4294967294,5
0,5
4294967294,1087
4294967294,477
38,5
38,4
38,3
38,2
38,1
4294967279,440
4294967278,362
4294967278,361
37,4
37,3
37,2
37,1
4294967279,439
4294967279,438
4294967279,437
4294967278,360
4294967278,359
4294967278,358
36,6
36,5
36,4
36,3
36,2
36,1
4294967279,436
4294967278,357
4294967279,435
4294967278,356
4294967279,434
33,6
4294967279,433
4294967278,355
4294967279,432
4294967278,354
4294967279,431
4294967278,353
4294967278,352
4294967279,430
33,5
33,4
33,3
33,2
33,1
4294967279,429
4294967278,351
4294967278,350
4294967279,428
4294967279,427
4294967279,426
4294967278,349
4294967279,425
4294967278,348
4294967278,347
4294967278,346
4294967279,424
4294967278,345
30,7
4294967279,423
4294967278,344
4294967279,422
4294967278,343
4294967279,421
30,6
30,5
30,4
30,3
30,2
30,1
4294967278,342
4294967278,341
4294967294,476
4294967278,340
4294967278,339
4294967294,1422
4294967294,475
4294967278,338
4294967278,337
4294967278,336
4294967279,420
4294967278,335
4294967279,419
4294967278,334
4294967279,418
4294967278,333
4294967279,417
4294967279,416
4294967278,332
4294967278,331
4294967279,415
4294967279,414
4294967278,330
4294967279,413
4294967278,329
4294967279,412
4294967279,411
4294967279,410
4294967279,409
4294967278,328
4294967279,408
4294967278,327
4294967279,407
4294967278,326
4294967278,325
4294967279,406
4294967279,405
23,6
4294967278,324
4294967279,404
4294967278,323
4294967279,403
4294967294,474
23,5
23,4
23,3
23,2
23,1
4294967279,402
4294967279,401
4294967278,322
4294967279,400
21,6
4294967278,321
4294967279,399
4294967279,398
4294967278,320
21,5
21,4
21,3
21,2
21,1
4294967278,319
4294967279,397
4294967278,318
4294967279,396
4294967278,317
4294967279,395
4294967278,316
4294967279,394
4294967279,393
4294967278,315
4294967279,392
4294967278,314
4294967278,313
4294967278,312
4294967279,391
19,6
4294967279,390
4294967278,311
19,5
19,4
19,3
19,2
19,1
